89.38986202370766 76895.70178880735
88.78386036241659 61599.47488314931
88.18196697476164 56486.093226134886
87.58415400947877 55631.87946898891
86.99039380411632 54226.857126634946
86.40065888375503 51782.87868276146
85.8149219597366 49500.2476641874
85.23315592840106 47344.18244613843
84.65533386983256 47259.39167941889
84.08142904661376 46385.06636317397
83.51141490258856 46557.06917461597
82.9452650616333 46256.326803539254
82.38295332643622 44602.50776873919
81.82445367728535 45197.005492733515
81.2697402708644 44056.52134851229
80.71878743905697 41047.72694127836
80.17156968775878 40766.82630186789
79.62806169569801 40445.18114423315
79.08823831326363 39880.46082186513
78.55207456134161 40355.1859435614
78.01954563015916 39407.3815706818
77.49062687813657 39331.2108367773
76.96529383074711 38525.314164510215
76.44352217938447 38785.28373047882
75.92528778023795 39091.54082231895
75.4105666531752 38930.225236750994
74.89933498063267 38493.8514192837
74.3915691065135 38459.48776608302
73.88724553509284 38841.44958201417
73.38634092993065 38818.82165283779
72.88883211279192 38014.45372127899
72.39469606257401 37829.49062591933
71.9039099142416 37286.876340695846
71.41645095776846 37074.38432480613
70.93229663708675 37050.040791879524
70.45142454904321 36750.80149888423
69.97381244236249 36948.139498723765
69.49943821661756 36727.760808605955
69.0282799212071 36625.082604003714
68.5603157543397 36663.14081909072
68.09552406202506 36765.099513732894
67.63388333707206 36550.761560611536
67.17537221809347 36939.88564554515
66.71996948851756 36889.53075203396
66.26765407560634 36784.378597664305
65.81840504948043 36581.60684431847
65.37220162215067 36109.8330288184
64.92902314655608 36474.48334398888
64.48884911560853 36046.19989982771
64.05165916124389 36020.67816648708
63.617433053479346 35740.358988873086
63.186150699477544 35339.53654792432
62.75779214261664 35343.10146511805
62.332337561566945 35285.25031798367
61.90976726937378 35485.61640035697
61.49006171254639 35574.06603863781
61.07320147015323 35471.06295844833
60.65916725292331 35384.62936327807
60.247939902353565 35754.1154361557
59.83950038982241 35590.881458037875
59.433829815709174 35646.314425019205
59.03090940851962 35898.73837442791
58.630720524017285 35790.97576271137
58.233244644360774 35592.82249648542
57.838463377246924 35539.10944719464
57.44635845505967 35530.52536641334
57.05691173402485 35653.87242762817
56.67010519337054 35391.188171478454
56.285920934493234 35116.75888286737
55.90434118012966 35191.778664215875
55.5253482735341 35309.011844305285
55.14892467766141 35426.492031071546
54.77505297435556 35387.60369015499
54.403715863543574 35075.34043452242
54.03489616243507 34894.85014146253
53.668576804727124 34751.92556548474
53.304740839814606 34821.26986211754
52.94337143200581 34776.709910244695
52.584451859743396 34647.388834560465
52.22796551483067 34838.6402800906
51.87389590166306 34626.703163537364
51.522226636464836 34553.40578487028
51.17294144653097 34802.86329763301
50.82602416947416 34646.74390140492
50.48145875247696 35005.56146712067
50.13922925154895 34788.03209126046
49.799319830788974 34580.864604921735
49.461714761652395 34399.178269151686
49.12639842222325 34477.78136314206
48.7933552964914 34097.923736401324
48.462569973634565 34141.737586117866
48.134027147305254 33977.91913515041
47.80771161492239 33965.82770211485
47.483608276967985 33925.3343019476
47.16170213628835 33993.24519994998
46.84197829740016 34073.12059608828
46.52442196580121 34160.34301198445
46.20901844728583 34219.205982071224
45.89575314726491 34226.631741429206
45.58461157009064 34293.33649036984
45.27557931838567 34245.571789939546
44.96864209237697 34256.76397688186
44.66378568923411 34205.81192068612
44.360996002412065 34062.60307601785
44.060259020998465 34188.410611308886
43.76156082906527 33959.39139905367
43.46488760502482 34019.07685599263
43.17022562099033 34104.69048044333
42.877561242140615 33995.04029536478
42.586880926089165 33866.04261969762
42.29817122225754 33975.11433547195
42.01141877125292 34147.0151155913
41.72661030425001 34120.15726469535
41.443732642376965 34484.14268660305
41.16277269610563 34394.07270683601
40.88371746464581 34272.55475932067
40.60655403534374 34057.4704938064
40.33126958308452 33946.08820498386
40.057851369698696 34246.263430659215
39.78628674337284 34104.61673523309
39.516563138064086 33733.15911099942
39.248668072918676 33240.395046546706
38.98258915169445 33518.57787641186
38.718314062187225 33278.87814859406
38.45583057566107 33121.16869893918
38.19512654628246 32623.04853915516
37.93618991055825 32614.44218299832
37.67900868677748 31820.077934764537
37.4235709744569 31831.826943830507
37.169864953790366 31999.576632277065
36.91787888510187 32177.1791236825
36.66760110830229 32281.021078376205
36.41902004234991 32269.328686686316
36.17212418471448 32368.873446848174
35.926902110844956 32339.080053341648
35.68334247364091 32245.85447771808
35.44143400292743 31901.034515244526
35.2011655049336 31608.58963054702
34.96252586177458 31774.47725512057
34.72550403093712 31741.944041720028
34.490089044768595 31812.91027454492
34.25627000996951 31648.38207388973
34.02403610708944 31251.06433562022
33.79337659002636 31282.328473416266
33.564280785529434 31229.845309099524
33.33673809270509 31230.515657505755
33.11073798252653 31222.211274051617
32.886269997346474 31214.40078239805
32.66332375041332 31124.542041177556
32.441888925390444 31144.559690424634
32.221955275878905 31353.639716321843
32.00351262494327 31203.26312264066
31.786550864640727 31113.265719162446
31.571059955553334 31092.97870276036
31.357029926323495 30687.875647910754
31.14445087319255 30751.966273605984
30.933312959542487 30747.17744822459
30.723606415440788 30759.947816145315
30.51532153718835 30576.272851076545
30.30844868687046 30619.733524574884
30.102978291910823 30598.77783905784
29.898900844628617 30684.28051050994
29.69620690179854 30569.98400241144
29.49488708421385 30563.35279868594
29.29493207625237 30280.821389001816
29.096332625445413 30227.2850770983
28.899079542049662 30254.364195997056
28.703163698621914 30244.810860666854
28.508576029596746 30211.084750752583
28.31530753086703 30211.084750752583
28.12334925936727 30080.332065555078
27.932692332659798 30156.01161814091
27.743327928523737 30168.006220015588
27.5552472845468 30222.78392260433
27.36844169771982 30162.046511408502
27.182902524034024 30128.825208841867
26.99862117808107 30171.57824158061
26.81558913265576 30173.235705947256
26.63379791836148 29985.122432592754
26.453239123218278 30013.92181994184
26.27390439227364 29998.932680514445
26.095785427215855 29942.270246816784
25.918873985990075 29954.67429803063
25.743161882416874 29948.02323469786
25.5686409858135 29910.283157839076
25.39530322061761 29872.917003039598
25.223140566013637 29828.68602987779
25.052145055561585 29863.257904887992
24.882308776828445 29864.601082956906
24.71362387102205 29824.122454207223
24.546082532627437 29795.34292119446
24.37967700904564 29796.27283887341
24.214399600234973 29815.404778427815
24.050242658354737 29904.138232542726
23.887198587411316 29935.280753420542
23.725259842906688 30048.68675427301
23.564418931489346 30078.94536519287
23.404668410607524 30000.51792005881
23.246000888164843 29999.49843472663
23.088409022178233 29903.828772746885
22.931885520438218 29880.586464988024
22.776423140171467 29872.596145601383
22.62201468770566 29877.288246454955
22.468653018136642 29924.87625837786
22.316331034997745 29902.00781163136
22.165041689931485 29912.9111892719
22.014777982363373 29974.42914111638
21.86553295917799 30021.94402360986
21.717299714397257 29952.050252614936
21.57007138886085 29963.85342351732
21.423841169908844 29987.99334118038
21.278602291066434 29947.496522771675
21.13434803173087 29908.71391909592
20.991071716860446 29915.711071366022
20.84876671666564 29906.457888099758
20.707426446302335 29959.382671677733
20.56704436556712 29972.74274012143
20.427613978594657 29937.251774495613
20.28912883355709 30006.60499061668
20.151582522365526 30097.65678150195
20.01496868037348 30022.677639047375
19.879280986082396 29964.314028198984
19.744513160849117 29964.314028198984
19.610658968595363 29923.836341052454
19.477712215519162 29879.00493914287
19.34566674980826 29870.325155355888
19.214516461355437 29925.065378510328
19.0842552814758 29925.065378510328
18.954877182625957 29961.00846707577
18.8263761781251 30042.314502706657
18.698746321877994 29985.262726164416
18.571981708099834 29974.834703099885
18.446076471042964 29930.522503009975
18.321024784725452 29905.309630753487
18.19682086266152 29917.756846269935
18.07345895759376 29906.936274824766
17.950933361227218 29860.27736562476
17.829238403965242 29872.311320751243
17.708368454647143 29872.724581141214
17.588317920287615 29846.006629140626
17.469081245817943 29836.440117459337
17.350652913828945 29800.398596078317
17.233027444315674 29799.055418009404
17.11619939442384 29838.737106274093
17.000163358197952 29913.57466980941
16.884913966331172 29834.97047108852
16.77044588591687 29834.97047108852
16.656753820201832 29756.614863051436
16.54383250834119 29756.614863051436
16.431676725154983 29768.020686175056
16.320281280886363 29768.020686175056
16.209641020961453 29781.397819370453
16.099750825750846 29781.397819370453
15.990605610332684 29780.37833403828
15.882200324257381 29866.15928331454
15.774529951313916 29861.462730450017
15.667589509297722 29923.49512698454
15.561374049780145 29910.634651078122
15.455878657879467 29902.974352623314
15.351098452033483 29942.65604088801
15.247028583773616 29901.6311745544
15.143664237500559 29901.6311745544
15.041000630261456 29901.6311745544
14.939033011528576 29903.387613013285
14.837756662979478 29926.018748149705
14.73716689827872 29926.018748149705
14.637259062860963 29926.018748149705
14.53802853371562 29900.34270057059
14.439470719172936 29814.148490904357
14.341581058691508 29814.148490904357
14.244355022647257 29839.441352246693
14.147788112123841 29856.998381017635
14.051875858704463 29857.411641407605
13.956613824265116 29878.721203611196
13.861997600769218 29894.75959441023
13.768022810063634 29868.53728399123
13.67468510367609 29831.767674645853
13.581980162613958 29871.042035580518
13.489903697164403 29890.318999377436
13.398451446695889 29912.993802578138
13.30761917946102 29952.675490842827
13.217402692400741 29943.995707055845
13.127797810949827 29923.72744928555
13.03880038884374 29870.339064826738
12.950406307926752 29784.041665426732
12.8626114779614 29841.26402963254
12.775411836439197 29841.26402963254
12.688803348392687 29803.523952773758
12.602782006208688 29784.041665426732
12.517343829442892 29788.351744784864
12.43248486463565 29737.99501825591
12.348201185129053 29737.99501825591
12.264488890885216 29739.338196324825
12.181344108305831 29748.017980111807
12.098762990052919 29746.998494779633
12.01674171487079 29742.49490646735
11.935276487409245 29742.49490646735
11.85436353804794 29741.475421135176
11.77399912272196 29741.475421135176
11.694179522748568 29730.0476909509
11.614901044655134 29728.70451288198
11.536160020008227 29730.0476909509
11.457952805243869 29728.70451288198
11.380275781498927 29729.11777327195
11.303125354443678 29729.11777327195
11.226497954115468 29729.11777327195
11.150390034753533 29729.11777327195
11.074798074634925 29729.11777327195
10.999718575911547 29729.11777327195
10.925148064448305 29730.0476909509
10.85108308966234 29730.0476909509
10.77752022436338 29747.110911713367
10.704456064595126 29747.110911713367
10.631887229477767 29758.951902287612
10.559810361051523 29767.218425684623
10.48822212412127 29772.50449184735
10.417119206102205 29760.057276330903
10.346498316866569 29755.79069550035
10.276356188591402 29755.79069550035
10.206689575607331 29754.44751743143
10.137495254248384 29747.110911713367
10.068770022702825 29745.767733644447
10.000510700864995 29746.180994034417
9.932714130188154 29746.180994034417
9.86537717353834 29750.44757486497
9.798496715049192 29821.02039724817
9.732069659977778 29758.2149491609
9.666092934561389 29758.2149491609
9.600563485875313 29738.92493593486
9.535478281691557 29738.92493593486
9.470834310338548 29738.92493593486
9.40662858056177 29738.92493593486
9.342858121385353 29732.471944611454
9.279519981974591 29737.58175786594
9.21661123149941 29737.58175786594
9.154128958998742 29737.58175786594
9.092070273245824 29732.471944611454
9.030432302614424 29732.795637348194
8.969212194945955 29763.19831194501
8.908407117417502 29763.61157233498
8.84801425641073 29764.63105766716
8.788030817381706 29726.890980808377
8.728454024731574 29725.134542349493
8.669281121678127 29720.024729095
8.61050937012824 29732.471944611454
8.55213605055117 29737.58175786594
8.494158461852724 29725.134542349493
8.436573921250266 29725.134542349493
8.379379764148574 29720.024729095
8.322573344016545 29720.024729095
8.266152032264735 29732.471944611454
8.210113218123727 29741.5649887884
8.154454308523317 29741.151728398436
8.09917272797253 29728.70451288198
8.044265918440448 29728.70451288198
7.989731339237841 29728.70451288198
7.935566466899597 29728.70451288198
7.881768795067958 29728.70451288198
7.828335834376549 29729.11777327195
7.775265112335179 29729.11777327195
7.722554173215439 29733.814326136475
7.6702005779370666 29733.814326136475
7.618201903955078 29733.814326136475
7.566555745147683 29728.70451288198
7.515259711704933 29730.0476909509
7.464311430018144 29730.0476909509
7.413708542570066 29729.4414660087
7.363448707825789 29729.4414660087
7.313529600124397 29729.4414660087
7.263948909571353 29729.4414660087
7.21470434193161 29720.761682221717
7.165793618523459 29749.541215234472
7.117214476113076 29749.541215234472
7.068964666809808 29749.541215234472
7.021041957962147 29720.348421831746
6.97344413205443 29720.761682221717
6.926168986604215 29720.761682221717
6.879214334060377 29720.761682221717
6.8325780017018785 29720.761682221717
6.786257831537235 29720.761682221717
6.740251680204655 29720.761682221717
6.694557418872865 29729.4414660087
6.6491729331426 29729.4414660087
6.604096122948762 29729.028205618728
6.55932490246325 29729.028205618728
6.51485719999844 29729.028205618728
6.470690957911323 29729.028205618728
6.426824132508288 29735.15750420539
6.383254693950561 29735.57076459536
6.339980626160278 29730.460951340872
6.296999926727188 29720.43798948497
6.254310606816007 29720.43798948497
6.21191069107438 29720.43798948497
6.169798217541481 29720.43798948497
6.127971237557228 29720.43798948497
6.086427815672107 29720.43798948497
6.045166029557623 29720.43798948497
6.00418396991734 29721.78116755389
5.963479740398538 29721.78116755389
5.923051457504458 29721.78116755389
5.882897250507158 29720.761682221717
5.843015261360933 29721.36790716392
5.803403644616354 29721.36790716392
5.764060567334869 29720.024729095
5.724984209003978 29720.024729095
5.686172761453008 29720.024729095
5.647624428769436 29725.134542349493
5.609337427215787 29725.134542349493
5.571309985147095 29725.134542349493
5.533540342928928 29726.477720418407
5.496026752855966 29726.477720418407
5.4587674790711205 29725.134542349493
5.421760797485222 29725.134542349493
5.385004995697235 29725.134542349493
5.348498372915026 29725.134542349493
5.312239239876657 29725.134542349493
5.276225918772223 29725.134542349493
5.240456743166213 29725.134542349493
5.204930057920402 29725.134542349493
5.169644219117261 29728.70451288198
5.134597593983888 29720.024729095
5.099788560816457 29732.471944611454
5.065215508905175 29732.471944611454
5.030876838459752 29732.471944611454
4.996770960535377 29732.885205001417
4.962896296959184 29733.815122680367
4.929251280257235 29733.815122680367
4.895834353581985 29733.815122680367
4.86264397064024 29720.024729095
4.829678595621611 29720.024729095
4.796936703127445 29720.43798948497
4.764416778100238 29720.43798948497
4.732117315753534 29720.43798948497
4.700036821502292 29732.885205001417
4.668173810893727 29720.024729095
4.63652680953862 29720.024729095
4.605094353043097 29720.024729095
4.573874986940864 29720.024729095
4.542867266625906 29720.024729095
4.512069757285641 29720.024729095
4.481481033834529 29720.024729095
4.451099680848126 29725.134542349493
4.420924292497591 29725.134542349493
4.390953472484634 29725.134542349493
4.361185833976905 29720.024729095
4.331619999543822 29721.36790716392
4.302254601092832 29720.024729095
4.273088279806108 29720.43798948497
4.244119686077671 29720.43798948497
4.215347479450938 29720.43798948497
4.186770328556703 29720.024729095
4.158386911051521 29720.024729095
4.130195913556526 29720.024729095
4.102196031596656 29721.36790716392
4.074385969540291 29721.36790716392
4.046764440539301 29721.36790716392
4.019330166469495 29721.36790716392
3.9920818778714904 29720.024729095
3.9650183138919592 29720.024729095
3.938138222225291 29720.024729095
3.911440359055646 29720.348421831746
3.884923488999398 29720.348421831746
3.858586385047968 29720.348421831746
3.832427828511053 29720.348421831746
3.806446608960229 29720.348421831746
3.7806415241729425 29720.348421831746
3.75501138007688 29720.348421831746
3.729554990694715 29720.348421831746
3.7042711780892335 29720.761682221717
3.679158772308818 29720.761682221717
3.654216611333321 29720.761682221717
3.629443541020291 29721.78116755389
3.6048384150515638 29721.78116755389
3.580400094880226 29721.78116755389
3.5561274496779243 29721.78116755389
3.5320193562825453 29721.78116755389
3.5080746991462384 29720.761682221717
3.484292370283801 29720.348421831746
3.460671269221403 29720.348421831746
3.437210302945672 29720.761682221717
3.4139083858531114 29720.761682221717
3.390764439699869 29720.761682221717
3.367777393551841 29720.761682221717
3.3449461837351206 29720.761682221717
3.3222697537867774 29720.761682221717
3.2997470544059695 29720.348421831746
3.2773770434053935 29720.348421831746
3.255158685663056 29720.348421831746
3.2330909530743797 29732.795637348194
3.211172824504626 29732.795637348194
3.1894032857416454 29732.795637348194
3.167781329448951 29733.208897738165
3.1463059551190997 29733.208897738165
3.1249761690274003 29733.208897738165
3.103790984185932 29733.208897738165
3.08274942029787 29733.208897738165
3.0618505037121264 29733.208897738165
3.0410932673782973 29732.795637348194
3.0204767508019144 29733.815122680367
3.0 29730.0476909509
2.979662067456922 29734.551279263185
2.9594620120805533 29734.551279263185
2.9393988991587214 29725.871495476204
2.9194718003159585 29720.761682221717
2.899679793470544 29720.761682221717
2.880021962791834 29720.761682221717
2.8604973986578863 29720.761682221717
2.8411051976133685 29720.761682221717
2.8218444623277517 29720.761682221717
2.802714301553792 29720.761682221717
2.783713830086285 29720.761682221717
2.764842168721109 29720.761682221717
2.74609844421454 29720.761682221717
2.727481789242845 29720.761682221717
2.708991342362147 29720.348421831746
2.690626247968565 29720.348421831746
2.6723856562586255 29720.348421831746
2.6542687231899333 29720.348421831746
2.6362746104421206 29720.348421831746
2.6184024853780534 29720.348421831746
2.6006515210053047 29720.761682221717
2.583020895937885 29720.761682221717
2.565509794358237 29720.761682221717
2.5481174059794824 29720.761682221717
2.5308429260079315 29720.761682221717
2.5136855551058397 29720.761682221717
2.496644499354422 29720.761682221717
2.4797189702171165 29720.348421831746
2.4629081845030942 29720.348421831746
2.4462113643310213 29721.36790716392
2.4296277370930635 29720.348421831746
2.4131565354191333 29720.348421831746
2.396796997141386 29720.348421831746
2.380548365258948 29720.761682221717
2.3644098879028914 29720.761682221717
2.3483808183014396 29721.78116755389
2.332460414745415 29721.78116755389
2.316647940553918 29721.78116755389
2.300942664040236 29721.78116755389
2.2853438584779893 29721.78116755389
2.2698508020675017 29721.78116755389
2.254462777902402 29720.761682221717
2.2391790739364485 29720.348421831746
2.223998982950585 29720.761682221717
2.208921802520211 29720.761682221717
2.1939468349826807 29720.761682221717
2.1790733874050217 29720.761682221717
2.1643007715518685 29720.761682221717
2.1496283038536173 29720.761682221717
2.135055305374795 29720.348421831746
2.1205811017826446 29720.348421831746
2.1062050233159173 29720.348421831746
2.091926404753887 29720.348421831746
2.077744585385564 29720.348421831746
2.063658908979125 29720.348421831746
2.0496687237515454 29721.36790716392
2.0357733823384407 29720.348421831746
2.0219722417641095 29720.348421831746
2.0082646634117847 29720.348421831746
1.9946500129940792 29720.348421831746
1.9811276605236383 29720.348421831746
1.9676969802839863 29720.761682221717
1.954357350800577 29720.761682221717
1.9411081548120264 29720.761682221717
1.9279487792415646 29720.761682221717
1.9148786151686568 29721.78116755389
1.9018970578008292 29721.36790716392
1.8890035064456852 29721.36790716392
1.8761973644831087 29720.348421831746
1.863478039337656 29721.78116755389
1.850844942451137 29720.761682221717
1.8382974892553812 29720.348421831746
1.825835099145186 29720.348421831746
1.8134571954514531 29720.348421831746
1.8011632054145028 29720.761682221717
1.7889525601575713 29725.871495476204
1.7768246946604875 29725.871495476204
1.7647790477335277 29725.871495476204
1.752815061991447 29725.871495476204
1.7409321838276894 29720.761682221717
1.7291298633887693 29720.761682221717
1.7174075545488283 29720.761682221717
1.7057647148843662 29720.761682221717
1.6942008056491393 29720.761682221717
1.6827152917492325 29720.761682221717
1.6713076417182988 29721.78116755389
1.6599773276929664 29720.43798948497
1.6487238253884133 29720.024729095
1.6375466140741084 29720.024729095
1.6264451765497137 29720.024729095
1.6154189991211525 29720.024729095
1.6044675715768417 29720.024729095
1.5935903871640797 29720.024729095
1.5827869425655998 29720.024729095
1.5720567378762786 29720.024729095
1.5613992765800055 29720.024729095
1.5508140655267073 29720.024729095
1.5403006149095277 29720.024729095
1.529858438242164 29720.024729095
1.5194870523363546 29720.024729095
1.5091859772795224 29720.024729095
1.498954736412566 29720.43798948497
1.4887928563078037 29720.43798948497
1.4786998667470692 29720.43798948497
1.468675300699949 29721.78116755389
1.4587186943021755 29720.43798948497
1.4488295868341607 29720.024729095
1.439007520699678 29720.024729095
1.4292520414046874 29720.024729095
1.4195626975363056 29721.78116755389
1.409939040741918 29721.78116755389
1.4003806257084308 29720.761682221717
1.3908870101416673 29721.78116755389
1.381457754745899 29721.78116755389
1.372092423203521 29721.78116755389
1.3627905821548605 29721.78116755389
1.3535518011781247 29721.78116755389
1.344375652769484 29721.78116755389
1.33526171232329 29720.348421831746
1.326209558112428 29720.348421831746
1.3172187712688028 29720.348421831746
1.3082889357639558 29720.348421831746
1.2994196383898151 29720.348421831746
1.290610468739574 29720.348421831746
1.281861019188702 29720.348421831746
1.2731708848760819 29720.348421831746
1.264539663685275 29720.348421831746
1.255966956225916 29720.348421831746
1.2474523658152301 29720.348421831746
1.238995498459679 29720.761682221717
1.230595962836729 29720.761682221717
1.222253370276743 29720.761682221717
1.213967334744997 29720.761682221717
1.205737472823816 29721.78116755389
1.1975634036948317 29721.78116755389
1.1894447491213638 29721.78116755389
1.1813811334309143 29721.78116755389
1.1733721834977868 29721.78116755389
1.1654175287258193 29721.36790716392
1.157516801031237 29721.36790716392
1.1496696348256197 29721.36790716392
1.1418756669989836 29720.024729095
1.1341345369029812 29725.134542349493
1.126445886334212 29725.134542349493
1.1188093595176476 29725.547802739464
1.1112246030901696 29725.547802739464
1.1036912660842175 29725.547802739464
1.096208999911549 29725.547802739464
1.0887774583471104 29725.547802739464
1.0813962975130145 29720.43798948497
1.0740651758626298 29720.348421831746
1.0667837541647756 29720.348421831746
1.059551695488024 29721.36790716392
1.052368665185111 29721.36790716392
1.0452343308774497 29721.36790716392
1.0381483624397516 29721.36790716392
1.0311104319847493 29721.36790716392
1.0241202138480259 29721.36790716392
1.0171773845729448 29720.348421831746
1.0102816228956817 29720.348421831746
1.0034326097303607 29720.761682221717
0.9966300281542871 29720.761682221717
0.9898735633932845 29720.761682221717
0.9831629028071283 29720.761682221717
0.9764977358750789 29720.43798948497
0.9698777541815137 29720.43798948497
0.9633026514016552 29720.43798948497
0.9567721232873968 29720.43798948497
0.9502858676532246 29720.024729095
0.9438435843622341 29720.024729095
0.9374449753122421 29720.43798948497
0.9310897444219929 29720.43798948497
0.9247775976174575 29720.43798948497
0.9185082428182263 29720.43798948497
0.9122813899239937 29720.43798948497
0.9060967508011338 29720.024729095
0.8999540392693687 29721.36790716392
0.893852971088525 29721.36790716392
0.8877932639453824 29721.36790716392
0.8817746374406089 29721.36790716392
0.8757968130757876 29721.36790716392
0.8698595142405282 29721.36790716392
0.8639624661996689 29721.36790716392
0.858105396080562 29720.348421831746
0.8522880328604495 29720.348421831746
0.8465101073539201 29720.761682221717
0.8407713522004542 29720.348421831746
0.835071501852053 29720.348421831746
0.8294102925609484 29720.348421831746
0.8237874623674022 29720.348421831746
0.8182027510875816 29720.348421831746
0.8126559003015216 29721.36790716392
0.8071466533411661 29721.36790716392
0.8016747552784915 29720.348421831746
0.7962399529137107 29720.348421831746
0.7908419947635564 29720.348421831746
0.785480631049645 29720.348421831746
0.7801556136869177 29720.348421831746
0.7748666962721616 29720.348421831746
0.7696136340726082 29720.348421831746
0.7643961840146075 29720.348421831746
0.7592141046723824 29720.348421831746
0.7540671562568557 29720.348421831746
0.7489551006045548 29720.348421831746
0.7438777011665917 29720.348421831746
0.7388347229977164 29720.348421831746
0.7338259327454459 29720.761682221717
0.7288510986392666 29720.348421831746
0.7239099904799087 29720.348421831746
0.7190023796286952 29721.36790716392
0.7141280389969615 29720.024729095
0.7092867430355481 29720.43798948497
0.7044782677243624 29720.43798948497
0.699702390562015 29720.43798948497
0.6949588905555215 29720.024729095
0.690247548210078 29720.024729095
0.6855681455189042 29720.024729095
0.6809204659531554 29720.024729095
0.6763042944519032 29720.024729095
0.6717194174121843 29720.43798948497
0.667165622679116 29720.43798948497
0.66264269953608 29720.43798948497
0.6581504386949707 29720.43798948497
0.6536886322865122 29720.43798948497
0.6492570738506389 29720.43798948497
0.6448555583269421 29720.024729095
0.6404838820451814 29720.024729095
0.6361418427158602 29720.024729095
0.6318292394208653 29720.024729095
0.62754587260417 29720.024729095
0.6232915440625999 29720.024729095
0.6190660569366613 29720.024729095
0.6148692157014322 29720.024729095
0.6107008261575152 29720.43798948497
0.6065606954220507 29720.43798948497
0.602448631919792 29720.43798948497
0.5983644453742406 29720.43798948497
0.5943079467988414 29721.78116755389
0.5902789484882381 29721.78116755389
0.5862772640095872 29721.78116755389
0.5823027081939315 29721.78116755389
0.5783550971276314 29721.78116755389
0.5744342481438558 29720.43798948497
0.5705399798141281 29720.43798948497
0.5666721119399318 29720.43798948497
0.5628304655443725 29720.43798948497
0.5590148628638956 29720.43798948497
0.555225127340061 29720.43798948497
0.551461083611373 29720.024729095
0.5477225575051662 29720.43798948497
0.5440093760295454 29720.43798948497
0.5403213673653817 29720.43798948497
0.5366583608583615 29720.43798948497
0.5330201870110896 29720.024729095
0.5294066774752461 29720.024729095
0.5258176650437972 29720.024729095
0.5222529836432575 29720.024729095
0.5187124683260048 29720.024729095
0.5151959552626489 29720.024729095
0.5117032817344495 29720.024729095
0.5082342861257871 29720.024729095
0.5047888079166853 29720.024729095
0.501366687675382 29720.024729095
0.4979677670509524 29720.024729095
0.49459188876598265 29720.024729095
0.49123889660929065 29720.024729095
0.4879086354286987 29720.43798948497
0.48460095112385404 29720.43798948497
0.4813156906390979 29720.024729095
0.47805270195638366 29720.024729095
0.47481183408824196 29720.024729095
0.4715929370707947 29720.024729095
0.46839586195681543 29720.024729095
0.4652204608088372 29720.024729095
0.4620665866923073 29720.024729095
0.45893409366878785 29720.43798948497
0.45582283678920305 29720.024729095
0.45273267208713197 29720.024729095
0.4496634565721468 29720.024729095
0.44661504822319625 29720.024729095
0.443587305982034 29720.024729095
0.4405800897466912 29720.024729095
0.4375932603649941 29720.024729095
0.4346266796281245 29720.024729095
0.43168021026422493 29720.024729095
0.4287537159320464 29720.43798948497
0.42584706121463983 29720.43798948497
0.42296011161308933 29720.024729095
0.4200927335402895 29720.024729095
0.41724479431476286 29721.36790716392
0.41441616215452154 29721.36790716392
0.4116067061709683 29720.348421831746
0.4088162963628404 29720.348421831746
0.40604480361019424 29720.348421831746
0.40329209966843044 29720.348421831746
0.4005580571623595 29720.348421831746
0.39784254958030807 29720.348421831746
0.39514545126826456 29720.348421831746
0.3924666374240652 29720.348421831746
0.38980598409161876 29720.348421831746
0.387163368155171 29720.348421831746
0.38453866733360736 29720.348421831746
0.3819317601747954 29720.348421831746
0.3793425260499641 29720.761682221717
0.3767708451481224 29720.761682221717
0.37421659847051547 29720.348421831746
0.3716796678251177 29720.348421831746
0.369159935821164 29720.348421831746
0.36665728586371815 29720.348421831746
0.3641716021482767 29720.348421831746
0.36170276965541126 29720.348421831746
0.3592506741454458 29720.348421831746
0.35681520215317103 29720.348421831746
0.35439624098259237 29720.348421831746
0.3519936787017176 29720.348421831746
0.3496074041373758 29720.348421831746
0.3472373068700736 29720.348421831746
0.34488327722888573 29720.348421831746
0.3425452062863802 29720.348421831746
0.3402229858535778 29720.348421831746
0.33791650847494625 29720.348421831746
0.33562566742342764 29720.348421831746
0.33335035669549995 29720.348421831746
0.3310904710062719 29720.348421831746
0.3288459057846114 29720.761682221717
0.3266165571683065 29720.761682221717
0.3244023219992594 29720.761682221717
0.32220309781871315 29720.761682221717
0.32001878286251056 29720.761682221717
0.31784927605638535 29720.761682221717
0.315694477011285 29720.761682221717
0.31355428601872576 29720.761682221717
0.31142860404617856 29720.761682221717
0.30931733273248646 29720.761682221717
0.3072203743833138 29720.761682221717
0.3051376319666248 29720.761682221717
0.30306900910819423 29720.761682221717
0.3010144100871476 29720.761682221717
0.29897373983153197 29720.761682221717
0.29694690391391687 29720.348421831746
0.29493380854702445 29720.348421831746
0.2929343605793903 29720.348421831746
0.2909484674910526 29720.348421831746
0.2889760373892709 29720.348421831746
0.2870169790042746 29720.348421831746
0.28507120168503897 29720.348421831746
0.2831386153950908 29720.348421831746
0.2812191307083422 29720.348421831746
0.27931265880495243 29720.348421831746
0.27741911146721815 29720.348421831746
0.2755384010754912 29720.348421831746
0.2736704406041242 29720.348421831746
0.27181514361744386 29720.348421831746
0.26997242426575097 29720.348421831746
0.2681421972813483 29720.348421831746
0.26632437797459474 29720.348421831746
0.2645188822299866 29720.348421831746
0.26272562650226533 29720.348421831746
0.2609445278125516 29720.348421831746
0.259175503744506 29720.348421831746
0.25741847244051463 29720.348421831746
0.2556733525979022 29720.348421831746
0.2539400634651693 29720.348421831746
0.25221852483825613 29720.348421831746
0.25050865705683106 29720.348421831746
0.2488103810006048 29720.348421831746
0.24712361808566885 29720.348421831746
0.24544829026085963 29720.348421831746
0.24378432000414657 29720.348421831746
0.2421316303190451 29720.348421831746
0.24049014473105368 29720.348421831746
0.2388597872841153 29720.348421831746
0.23724048253710253 29720.348421831746
0.2356321555603269 29720.348421831746
0.23403473193207158 29720.348421831746
0.23244813773514766 29720.348421831746
0.2308722995534738 29720.348421831746
0.2293071444686792 29720.348421831746
0.2277526000567293 29720.348421831746
0.2262085943845745 29720.348421831746
0.22467505600682186 29720.348421831746
0.22315191396242884 29720.348421831746
0.22163909777141996 29720.348421831746
0.2201365374316254 29720.348421831746
0.21864416341544166 29720.348421831746
0.21716190666661467 29720.348421831746
0.21568969859704407 29720.348421831746
0.2142274710836096 29720.348421831746
0.2127751564650187 29720.348421831746
0.2113326875386759 29720.348421831746
0.20989999755757294 29720.348421831746
0.20847702022720024 29720.348421831746
0.20706368970247932 29720.348421831746
0.20565994058471604 29720.348421831746
0.20426570791857426 29720.348421831746
0.20288092718907025 29720.348421831746
0.20150553431858745 29720.761682221717
0.20013946566391136 29720.348421831746
0.19878265801328457 29720.348421831746
0.19743504858348193 29720.348421831746
0.19609657501690522 29720.348421831746
0.19476717537869775 29720.348421831746
0.1934467881538785 29720.348421831746
0.1921353522444956 29720.348421831746
0.19083280696679925 29720.348421831746
0.18953909204843358 29720.348421831746
0.18825414762564785 29720.348421831746
0.18697791424052615 29720.348421831746
0.1857103328382364 29720.348421831746
0.18445134476429753 29720.348421831746
0.18320089176186546 29720.348421831746
0.18195891596903727 29720.348421831746
0.18072535991617397 29720.348421831746
0.1795001665232411 29720.348421831746
0.17828327909716746 29720.348421831746
0.17707464132922182 29720.348421831746
0.17587419729240736 29720.348421831746
0.1746818914388737 29720.348421831746
0.17349766859734667 29720.348421831746
0.17232147397057532 29720.348421831746
0.1711532531327962 29720.348421831746
0.16999295202721515 29720.348421831746
0.16884051696350577 29720.348421831746
0.16769589461532503 29720.348421831746
0.16655903201784583 29720.348421831746
0.16542987656530606 29720.348421831746
0.16430837600857445 29720.348421831746
0.16319447845273274 29720.348421831746
0.1620881323546746 29720.348421831746
0.1609892865207203 29720.348421831746
0.1598978901042481 29720.348421831746
0.1588138926033412 29720.348421831746
0.15773724385845106 29720.348421831746
0.15666789405007636 29720.348421831746
0.1556057936964575 29720.348421831746
0.1545508936512873 29720.348421831746
0.15350314510143653 29720.348421831746
0.15246249956469554 29720.348421831746
0.15142890888753024 29720.348421831746
0.15040232524285477 29720.348421831746
0.14938270112781768 29720.348421831746
0.14836998936160423 29720.348421831746
0.14736414308325307 29720.348421831746
0.14636511574948785 29720.348421831746
0.14537286113256356 29720.348421831746
0.14438733331812745 29720.348421831746
0.14340848670309445 29720.761682221717
0.142436275993537 29720.761682221717
0.14147065620258906 29720.761682221717
0.14051158264836466 29720.761682221717
0.13955901095189013 29720.761682221717
0.13861289703505073 29720.348421831746
0.13767319711855092 29720.348421831746
0.1367398677198886 29720.348421831746
0.1358128656513431 29720.348421831746
0.13489214801797672 29720.348421831746
0.13397767221564988 29720.348421831746
0.13306939592904973 29720.348421831746
0.13216727712973203 29720.348421831746
0.1312712740741764 29720.348421831746
0.1303813453018549 29720.348421831746
0.1294974496333133 29720.348421831746
0.12861954616826565 29720.348421831746
0.12774759428370183 29720.348421831746
0.1268815536320077 29720.348421831746
0.1260213841390981 29720.348421831746
0.12516704600256268 29720.348421831746
0.12431849968982386 29720.348421831746
0.12347570593630777 29720.348421831746
0.12263862574362727 29720.348421831746
0.12180722037777737 29720.348421831746
0.12098145136734302 29720.348421831746
0.1201612805017188 29720.348421831746
0.11934666982934086 29720.348421831746
0.11853758165593083 29720.348421831746
0.11773397854275151 29720.348421831746
0.11693582330487462 29720.348421831746
0.11614307900946003 29720.348421831746
0.11535570897404676 29720.348421831746
0.11457367676485572 29720.348421831746
0.11379694619510371 29720.348421831746
0.11302548132332896 29720.348421831746
0.11225924645172804 29720.348421831746
0.11149820612450403 29720.348421831746
0.11074232512622591 29720.348421831746
0.10999156848019898 29720.348421831746
0.10924590144684644 29720.348421831746
0.10850528952210188 29720.348421831746
0.10776969843581266 29720.348421831746
0.1070390941501542 29720.348421831746
0.10631344285805486 29720.348421831746
0.1055927109816317 29720.348421831746
0.10487686517063664 29720.348421831746
0.10416587230091334 29720.348421831746
0.1034596994728644 29720.348421831746
0.10275831400992899 29720.348421831746
0.10206168345707088 29720.348421831746
0.1013697755792766 29720.348421831746
0.10068255836006382 29720.348421831746
0.1 29720.348421831746
