9.95405417351527 914.1479759175293
9.908319448927676 984.5697790093079
9.862794856312105 875.8138772829193
9.817479430199844 947.9920176123524
9.772372209558107 924.9340268552643
9.727472237769652 816.566596988544
9.682778562612492 902.7423373545981
9.638290236239705 836.1742472171702
9.594006315159332 796.3364403401083
9.54992586021436 787.7439467708643
9.506047936562815 688.3071925235928
9.46237161365793 888.5506516906133
9.418895965228414 938.9101457503281
9.375620069258803 832.5734229625068
9.33254300796991 764.1767702054949
9.289663867799364 795.147186514208
9.246981739382225 836.837576797421
9.204495717531714 958.0808065074935
9.162204901219997 847.1223130659289
9.120108393559098 943.4709319410346
9.078205301781857 782.2572291933539
9.036494737223014 889.4398215428853
8.994975815300352 744.2728236962572
8.953647655495939 866.8054504812098
8.912509381337456 910.694346525414
8.871560120379609 899.7082950688638
8.830799004185629 966.6768966782338
8.790225168308844 787.82862580165
8.749837752274361 783.9105370937721
8.709635899560807 822.6270232279276
8.669618757582166 830.0582989299699
8.629785477669703 784.179186282896
8.590135215053957 787.4827895442119
8.550667128846833 761.6067146683281
8.511380382023765 675.2149492438583
8.472274141405965 719.0389092760689
8.433347577642753 859.8714135358238
8.394599865193975 889.0001026866994
8.35603018231248 757.6612044735291
8.317637711026709 811.17586441046
8.279421637123342 849.960559757352
8.241381150130023 748.9467947028978
8.203515443298183 791.90929060705
8.165823713585924 775.9973214924473
8.128305161640993 714.1279308052834
8.090958991783824 649.7785004450051
8.053784411990666 806.8452172671325
8.016780633876792 805.0991919785639
7.979946872679767 760.2959428035055
7.943282347242815 755.2804301686589
7.906786279998252 766.8768492972639
7.870457896950986 795.216699626398
7.834296427662117 772.2091163142404
7.798301105232587 787.4685755948032
7.762471166286917 785.0760373129799
7.726805850957024 775.6531624746524
7.691304402866096 776.93481417223
7.655966069112563 769.5566113978948
7.62079010025412 763.3639468753904
7.5857757502918375 743.9068916647345
7.550922276654339 789.191306885725
7.516228940182055 729.8907596791529
7.481695005111543 815.8737369325764
7.44731973905989 654.1451746945334
7.413102413009175 709.7740368640242
7.37904230129101 716.3436128645079
7.345138681571149 701.0707267842932
7.311390834834174 695.9219371866113
7.27779804536824 822.7558279870262
7.2443596007499 704.760490527311
7.211074791828996 796.1938170785068
7.177942912713617 706.8882976681092
7.144963260755134 784.2761985676467
7.112135136533291 770.6061858676435
7.079457843841379 757.2665478004602
7.046930689671469 824.2687068546156
7.014552984199712 743.4806358005649
6.982324040771713 789.3062803697895
6.950243175887968 734.5575540692207
6.918309709189366 656.6016085243643
6.8865229634427605 770.3781338801368
6.854882264526616 615.6336409986335
6.823386941416696 726.6206354507076
6.7920363261718455 694.4544572413323
6.7608297539198166 732.7579316504493
6.729766562843178 695.3158825729789
6.698846094165264 758.0634180535058
6.668067692136221 727.9160172900604
6.6374307040190885 734.5768176334759
6.60693448007596 723.8826471366301
6.576578373554205 784.8169192480797
6.546361740672749 721.8380747221091
6.516283940608427 752.6625009344677
6.486344335482384 697.2420072661689
6.4565422903465555 680.6546545925268
6.426877173170197 708.8292551075245
6.397348354826481 661.1409124463789
6.367955209079158 709.7184275467381
6.338697112569269 677.913517822258
6.3095734448019325 684.5171510069518
6.2805835881331795 664.2600464475195
6.251726927756859 674.3071525169278
6.223002851691595 651.4634564856422
6.1944107507678146 650.5185438270264
6.165950018614822 620.2258429213663
6.137620051647942 654.7156121372482
6.10942024905572 682.6418480558797
6.081350012787179 705.0410526152859
6.053408747539136 682.63955738415
6.025595860743578 648.5569175730535
5.997910762555094 625.2376797524366
5.970352865838368 648.6226503299038
5.942921586155726 655.0033271547887
5.915616341754739 664.7648356699314
5.88843655355589 662.6928984674819
5.861381645140288 696.0895755714495
5.834451042737447 734.5020044940258
5.80764417521312 725.0947643694092
5.7809604740571805 633.0504650095136
5.7543993733715695 631.760954634083
5.727960309858292 655.3820005490973
5.701642722807475 665.4096261362325
5.675446054085471 673.7421349064158
5.649369748123025 637.1793969909195
5.623413251903491 641.1090875064821
5.597576014951101 598.4630691275887
5.5718574893192985 577.0181760238198
5.546257129579107 617.2802970712698
5.520774392807573 661.6913787707763
5.495408738576245 656.8792274269558
5.470159628939716 647.0511777838635
5.445026528424211 631.1002401052262
5.420008904016238 661.6895002459786
5.395106225151276 702.9814902518008
5.370317963702527 679.4581142076703
5.345643593969717 630.6503447524325
5.321082592667942 658.5868203501277
5.296634438916578 573.0139158311378
5.272298614228227 654.8985179825917
5.248074602497725 611.608200657921
5.223961889991198 625.7137195762131
5.19995996533516 646.0786111307908
5.176068319505677 632.3691153646926
5.152286445817565 606.2841851796547
5.1286138399136485 607.759740218339
5.105049999754064 717.2528717512575
5.081594425605606 630.9042633082461
5.058246620031141 627.7528656969139
5.035006087879048 560.1934721662835
5.011872336272722 630.6941714545727
4.988844874600122 567.2580291012405
4.965923214503361 611.7485942494784
4.9431068698683545 563.465560610139
4.92039535681451 634.7720219426919
4.897788193684462 591.6994402725688
4.875284901033863 632.6602589502221
4.85288500162121 619.9636054591297
4.830588020397727 659.2054805766179
4.8083934844972855 698.4354055558064
4.786300923226383 614.5966725222435
4.7643098680541565 606.836123401083
4.742419852602446 582.7702400976508
4.720630412635905 554.245635527021
4.698941086052154 515.4681505804214
4.677351412871982 552.8444087639843
4.655860935229589 583.4763126820311
4.63446919736288 598.6202849389717
4.613175745603794 558.0760971326288
4.591980128368686 572.8604088077492
4.57088189614875 595.0040772048492
4.549880601500486 585.3792412532842
4.528975799036208 595.383258396507
4.508167045414602 566.2502945399418
4.487453899331322 641.6482424840135
4.466835921509632 564.20671465061
4.446312674691087 517.8454552658629
4.425883723626266 547.4667303074016
4.405548635065533 519.4636098682663
4.385306977749857 505.0829289925341
4.36515832240166 536.8013243044498
4.345102241715716 585.4565587275298
4.325138310350088 611.1711033250449
4.305266104917107 602.4381016042349
4.285485203974395 532.2894164513492
4.265795188015927 552.7909732258041
4.246195639463129 551.665940793007
4.22668614265603 555.9700964926406
4.207266283844441 528.5345472609
4.187935651179184 572.0239699578339
4.168693834703355 566.2174723511957
4.149540426343629 571.6904702833505
4.130475019901613 566.449608834853
4.111497211045222 527.3801556893848
4.092606597300109 538.46832028176
4.073802778041127 502.8216970860261
4.055085354483838 560.1526127566814
4.03645392967605 546.6838428149978
4.017908108489399 514.1965920373984
3.9994474976109746 525.3353554857437
3.9810717055349727 558.7898004646578
3.9627803425543946 537.9469334156488
3.944573020752784 549.7913346180519
3.926449353995998 570.0531467502294
3.9084089579240207 584.5223423143096
3.8904514499428062 552.6427094648387
3.8725764492161723 499.5848496723133
3.8547835766577183 539.2924893977263
3.837072454922788 576.938035376921
3.819442708400466 580.0976110572485
3.801893963205612 505.49822914282674
3.784425847170933 536.8451584911014
3.7670379898390887 537.3703256379115
3.7497300224548353 525.7198562545058
3.7325015779572057 534.6303790780009
3.7153522909717256 525.9327891661238
3.6982817978026623 544.1639868140719
3.6812897364253145 523.6275490511744
3.6643757464783326 513.534778608267
3.647539469256078 536.88306960348
3.6307805477010135 573.7300715671935
3.6140986263961326 517.5684739570569
3.5974933515574232 529.7933021980226
3.58096437102636 559.551120340134
3.564511334262442 552.6964271634295
3.5481338923357546 553.670061158333
3.5318316979195696 594.2881078830695
3.515604405282981 578.2100375737584
3.4994516702835727 534.9331303099998
3.483373150360118 527.0129911295401
3.467368504525316 540.1830725907779
3.4514373933585625 534.4652835736886
3.435579478998746 531.0201470481362
3.419794425137088 510.7085204197837
3.404081897010008 523.2814622231981
3.3884415613920256 541.9199344442709
3.3728730865886893 588.248475727977
3.3573761424295467 537.8390446166462
3.3419504002611427 506.0143291111411
3.326595532940045 518.733148310897
3.311311214825911 491.43535892027853
3.2960971217745776 475.0029248480428
3.28095293113119 478.35836466241443
3.2658783217233585 482.5853489960591
3.250872973854344 487.107092925217
3.2359365692962827 508.22908324845525
3.2210687912834346 516.8349036935566
3.206269324505466 518.7306937227517
3.1915378551007616 512.7169255031548
3.1768740706497707 470.98775909144
3.1622776601683795 460.1800267995941
3.1477483141013156 485.7223453256821
3.133285724315585 470.5865971759266
3.118889584093937 497.018336986769
3.1045595881283554 491.42010964495887
3.0902954325135905 486.57184770261006
3.076096814740708 513.2476338472131
3.061963433690677 477.422960219105
3.0478949896279834 489.30040088951694
3.0338911841942706 479.94724776505996
3.019951720402016 515.296990902993
3.0060763026282307 493.61433854756126
2.992264636608189 474.14866970330365
2.9785164294291895 491.1444082098714
2.9648313895243423 514.341872137665
2.951209226666385 483.27288117116757
2.937649651961531 476.82838773825677
2.9241523778433356 483.46623609662987
2.9107171180666054 479.878021668606
2.8973435877013225 486.4037293669698
2.8840315031266055 482.1651896825982
2.8707805820246906 494.97769652021947
2.8575905433749464 486.6741859261037
2.8444611074479154 489.0302640230509
2.831391995799379 456.45276874204507
2.8183829312644537 452.9803257646067
2.805433637951713 453.52269261573184
2.792543841237338 448.650928256046
2.7797132677592886 450.8884747161642
2.7669416454115114 460.3705594604751
2.7542287033381663 445.6255420386608
2.7415741719278826 486.67104282636274
2.7289777828080415 472.99176518715257
2.7164392688390833 496.96416283723295
2.7039583641088436 483.6594424180893
2.691534803926916 467.70199437791325
2.6791683248190323 466.045169266531
2.66685866452148 454.47556591459596
2.65460556197554 464.6378433695249
2.642408757321947 464.7518800476555
2.6302679918953817 450.66285597817125
2.6181830082189856 472.56952246477573
2.6061535499988957 491.73174922128214
2.594179362118814 470.16239787691364
2.5822601906345968 464.4910351220198
2.570395782768864 460.39504105341376
2.558585886905646 469.67537757442057
2.5468302525850413 452.71557413414206
2.5351286304979075 470.3720699287671
2.523480772480575 478.9681967480815
2.51188643150958 500.21253460259607
2.5003453616964317 455.6646165035225
2.488857318282391 462.89780278239465
2.4774220576332855 465.6904147233088
2.4660393372343394 472.0007194287167
2.4547089156850306 458.9778169048918
2.443430552693972 463.8799955522898
2.4322040090738155 493.8047441715372
2.421029046736178 482.46809296497935
2.409905428686595 471.9638642798804
2.3988329190194904 473.5484468548312
2.3878112829131775 479.637647889715
2.376840286624877 457.4879069065861
2.3659196974857584 467.59727315832924
2.3550492838960095 458.75835046596995
2.344228815319922 463.03759801323054
2.333458062281003 462.90517582630787
2.322736796357107 456.19465768036025
2.3120647901755946 458.68653393194717
2.3014418174085085 457.9041213189649
2.2908676527677727 450.1349935437949
2.280342072000418 452.58026591313853
2.269864851883822 450.3410781438376
2.2594357702209775 458.531435676902
2.249054605835781 454.30241567518976
2.2387211385683394 461.20269610075536
2.228435149270304 442.3475248876225
2.218196419800219 446.4697257652045
2.2080047330188997 454.7107687035224
2.1978598727848246 454.7107687035224
2.1877616239495525 448.91657775940706
2.1777097723531584 440.376181928621
2.1677041048196948 432.84868455724165
2.157744409152666 445.44032904460994
2.147830474130534 448.97523336454043
2.1379620895022318 439.7149871568641
2.128139045982712 439.9359101921915
2.1183611352485014 439.06837364426883
2.1086281499332893 432.08463190422754
2.0989398836235242 431.1079240863178
2.089296130854039 432.8492161662916
2.0796966871036955 431.7689885430883
2.070141348791042 433.42131721917747
2.06062991327 431.47126719306095
2.0511621788255656 439.92071476024904
2.0417379446695296 434.84569813451856
2.032357010936222 450.328730914168
2.023019178678272 447.56974855121973
2.0137242498623884 444.04098055103077
2.0044720273651615 441.6711738183172
1.9952623149688797 445.99123542979254
1.9860949173573716 465.6484608469361
1.976969640111861 442.4409306161028
1.967886289706845 452.4075757379099
1.9588446735059901 439.77087469614435
1.9498445997580456 447.4557954645337
1.9408858775927784 448.1631758247987
1.9319683170169242 446.4458226967159
1.9230917289101583 442.26614255394827
1.9142559250210858 440.8110901794891
1.9054607179632475 435.9662142304019
1.8967059212111463 440.09320904451096
1.8879913490962936 448.0282164604534
1.8793168168032688 445.12902949760064
1.8706821403658005 443.5935664509618
1.8620871366628675 433.73723384066034
1.8535316234148114 439.218487946542
1.8450154191794739 446.85169655878826
1.8365383433483464 442.0008407603145
1.8281002161427429 431.38512512564375
1.8197008586099837 434.5354121218431
1.8113400926196024 431.34796991020727
1.8030177408595691 434.9919373977639
1.7947336268325265 431.34796991020727
1.7864875748520506 436.83918275515265
1.778279410038923 448.80090391689487
1.7701089583174212 447.30631558671973
1.761976046411629 447.2985156079496
1.7538805018417611 443.81655671458924
1.745822152920504 437.8498030092943
1.7378008287493754 438.64410814118446
1.7298163592151015 438.8682520864429
1.721868574986007 442.0704461466867
1.7139573075084251 444.2818548362786
1.7060823890031234 441.8841317127308
1.6982436524617441 445.56630537101915
1.6904409316432643 439.7747035031204
1.6826740610704674 438.2328720397753
1.6749428760264373 438.68126335662106
1.6672472125510627 443.2289676660121
1.6595869074375604 438.1685709166197
1.651961798229015 431.78636628096467
1.6443717232149315 437.60354428716
1.6368165214278085 451.99768199077727
1.6292960326397223 442.27594767314616
1.6218100973589298 449.05562581344503
1.6143585568264862 442.1148006805322
1.606941253012877 444.0050207784455
1.599558028614669 449.35818538992294
1.59220872705117 436.3894901282757
1.5848931924611134 438.483578802136
1.5776112696993485 438.16050307807575
1.5703628043335525 442.80102872154004
1.5631476426409538 455.87543601429223
1.5559656316050743 434.43766736521076
1.548816618912481 440.30776815154616
1.5417004529495593 443.50144156913876
1.5346169827992946 442.23571223170245
1.5275660582380728 436.188259244545
1.5205475297324957 437.6318279918021
1.5135612484362084 436.44026731693685
1.5066070661867423 437.7370681153407
1.4996848355023737 435.6756830548729
1.4927944095789965 436.46998818676303
1.4859356422870071 445.6926385299885
1.4791083881682077 443.2164999957034
1.472312502432719 446.9187604325561
1.4655478409559117 447.3417175571775
1.4588142602753484 449.2293487635462
1.4521116175877424 439.0549539618785
1.4454397707459277 437.599709290184
1.4387985782558455 439.21908404249
1.4321878992735435 440.0741276807392
1.4256075936021884 431.94532027959593
1.4190575216890922 435.8899124076854
1.4125375446227544 435.3079567792208
1.406047524129914 437.9580939139838
1.3995873225726183 436.50759525999644
1.3931568029453032 435.16223364982903
1.3867558288718884 440.1411205850729
1.380384264602885 438.120002907288
1.3740419750125152 448.02004476456256
1.367728825595849 445.79889244672546
1.36144468246595 443.9345829593499
1.3551894123510362 439.86791033044324
1.3489628825916535 436.35773288263596
1.3427649611378638 436.35773288263596
1.336595516546442 436.6097409550279
1.330454417978091 442.4124933157482
1.3243415351946646 440.1199184028351
1.318256738556407 438.3175583669215
1.3121998990192032 434.1261491366827
1.3061708881318415 437.78045227766586
1.3001695780332903 438.3301836827745
1.294195841449986 437.4162500874523
1.2882495516931338 434.8907333987467
1.2823305826560216 436.3343021460039
1.2764388088113439 438.54503653972984
1.2705741052085415 438.2930284673379
1.2647363474711513 436.9476668571705
1.2589254117941673 435.75610618230525
1.2531411749414159 436.43421745212663
1.247383514242943 435.5688446685681
1.241652307592411 435.6059998840046
1.2359474334445104 437.47511373858646
1.2302687708123814 435.6059998840046
1.2246161992650486 439.1514520072532
1.2189895989248665 442.2275591845377
1.2133888504649772 440.01682479081177
1.20781383510678 434.6292920660948
1.202264434617413 434.37728399370286
1.1967405313072434 434.37728399370286
1.1912420080273747 433.9388876229456
1.18576874816716 435.2426567772614
1.1803206356517295 435.35399181161273
1.1748975549395293 435.35399181161273
1.1694993910198708 435.5688446685681
1.1641260294104911 438.8724106817478
1.158777356155126 434.6292920660948
1.1534532578210923 440.99768227871505
1.148153621496883 435.14274147113866
1.1428783347897717 436.0081142546972
1.1376272858234309 437.01185532572043
1.132400363235557 438.634844015431
1.1271974561755105 437.0860351446353
1.1220184543019636 441.478263287232
1.1168632477805613 438.6059184535865
1.1117317272815914 444.6185589330664
1.1066237839776665 434.6164408026621
1.1015393095414152 433.6126997316389
1.096478196143185 433.75106801910357
1.0914403364487566 434.86844887505407
1.0864256236170655 433.86470780403073
1.081433951297938 434.86844887505407
1.076465213629835 434.86844887505407
1.0715193052376066 434.72777583701344
1.066596121230258 434.9797839094053
1.0616955571987248 434.9797839094053
1.0568175092136585 436.1713445842705
1.051961873823223 435.19463676636076
1.0471285480508996 432.74732694808034
1.0423174293933042 434.9426286939688
1.0375284158180127 433.75106801910357
1.0327614057613974 432.74732694808034
1.0280162981264735 433.75106801910357
1.023292992280754 433.75106801910357
1.018591388054117 435.21006941419813
1.0139113857366793 436.0754421977568
1.0092528860766845 437.267002872622
1.0046157902783952 437.01499480023006
1.0 433.86470780403073
0.995405417351527 433.86470780403073
0.9908319448927676 433.86470780403073
0.9862794856312105 433.6126997316389
0.9817479430199844 432.9993350204722
0.9772372209558107 434.00307609149553
0.9727472237769651 434.9580613418063
0.9682778562612492 436.186777232108
0.9638290236239705 434.9580613418063
0.9594006315159331 440.93791116246155
0.9549925860214359 435.21006941419813
0.9506047936562814 435.21006941419813
0.946237161365793 432.74732694808034
0.9418895965228413 433.6126997316389
0.9375620069258803 434.00307609149553
0.9332543007969909 433.75106801910357
0.9289663867799363 437.19051830313134
0.9246981739382225 438.4055098312078
0.9204495717531712 441.08563374300144
0.9162204901219997 432.74732694808034
0.9120108393559097 432.74732694808034
0.9078205301781856 433.86470780403073
0.9036494737223013 433.6126997316389
0.8994975815300352 433.6126997316389
0.8953647655495938 433.75106801910357
0.8912509381337455 432.74732694808034
0.8871560120379608 432.9993350204722
0.8830799004185628 434.72777583701344
0.8790225168308842 433.75106801910357
0.874983775227436 434.00307609149553
0.8709635899560806 434.00307609149553
0.8669618757582165 434.00307609149553
0.8629785477669702 433.75106801910357
0.8590135215053957 434.00307609149553
0.8550667128846833 432.9993350204722
0.8511380382023763 433.7240347659901
0.8472274141405964 432.74732694808034
0.8433347577642752 432.9993350204722
0.8394599865193973 432.9993350204722
0.8356030182312479 435.19463676636076
0.8317637711026709 434.00307609149553
0.8279421637123341 433.6126997316389
0.8241381150130022 433.6126997316389
0.8203515443298182 432.74732694808034
0.8165823713585922 432.74732694808034
0.8128305161640991 432.9993350204722
0.8090958991783821 433.97604283838206
0.8053784411990665 433.97604283838206
0.801678063387679 435.21006941419813
0.7979946872679765 432.74732694808034
0.7943282347242814 434.8042604065041
0.790678627999825 434.1908956953374
0.7870457896950984 434.9426286939688
0.7834296427662115 433.75106801910357
0.7798301105232586 433.75106801910357
0.7762471166286916 432.74732694808034
0.7726805850957021 433.7240347659901
0.7691304402866095 432.9993350204722
0.7655966069112562 436.04265153893215
0.7620790100254118 432.74732694808034
0.7585775750291835 432.9993350204722
0.7550922276654337 432.74732694808034
0.7516228940182053 434.8042604065041
0.7481695005111545 435.05626847889596
0.7447319739059892 433.9388876229456
0.7413102413009177 432.74732694808034
0.7379042301291011 432.9993350204722
0.7345138681571151 433.75106801910357
0.7311390834834176 433.75106801910357
0.7277798045368242 434.72777583701344
0.7244359600749903 432.74732694808034
0.7211074791828997 432.74732694808034
0.7177942912713619 432.9993350204722
0.7144963260755135 434.1908956953374
0.7112135136533292 437.15336308769486
0.707945784384138 437.15336308769486
0.7046930689671471 432.74732694808034
0.7014552984199713 433.7240347659901
0.6982324040771715 433.7240347659901
0.695024317588797 432.9993350204722
0.6918309709189365 433.7240347659901
0.6886522963442763 433.86470780403073
0.6854882264526617 433.86470780403073
0.6823386941416697 433.6126997316389
0.6792036326171846 432.74732694808034
0.6760829753919818 434.1908956953374
0.6729766562843178 432.9993350204722
0.6698846094165266 432.74732694808034
0.6668067692136221 432.74732694808034
0.6637430704019089 436.9352080756809
0.6606934480075961 432.74732694808034
0.6576578373554205 436.17305286988284
0.654636174067275 432.9993350204722
0.6516283940608427 432.74732694808034
0.6486344335482385 433.7240347659901
0.6456542290346556 433.7240347659901
0.6426877173170198 433.75106801910357
0.6397348354826482 434.86844887505407
0.6367955209079158 432.74732694808034
0.633869711256927 432.9993350204722
0.6309573444801932 432.74732694808034
0.6280583588133181 435.21006941419813
0.625172692775686 434.00307609149553
0.6223002851691596 434.00307609149553
0.6194410750767815 433.75106801910357
0.6165950018614822 432.74732694808034
0.6137620051647943 434.00307609149553
0.610942024905572 435.19463676636076
0.608135001278718 436.7847092954372
0.6053408747539136 432.74732694808034
0.6025595860743578 432.74732694808034
0.5997910762555094 432.74732694808034
0.597035286583837 432.9993350204722
0.5942921586155727 432.9993350204722
0.5915616341754739 434.00307609149553
0.5888436553555889 434.00307609149553
0.5861381645140288 432.74732694808034
0.5834451042737447 432.74732694808034
0.5807644175213121 432.9993350204722
0.5780960474057182 433.7240347659901
0.5754399373371569 433.97604283838206
0.5727960309858292 433.97604283838206
0.5701642722807475 432.74732694808034
0.5675446054085471 433.75106801910357
0.5649369748123025 433.75106801910357
0.5623413251903491 432.9993350204722
0.5597576014951101 432.9993350204722
0.5571857489319298 433.86470780403073
0.5546257129579107 433.86470780403073
0.5520774392807574 432.9993350204722
0.5495408738576245 433.6126997316389
0.5470159628939716 433.6126997316389
0.5445026528424212 434.58940754954875
0.5420008904016239 432.74732694808034
0.5395106225151276 432.9993350204722
0.5370317963702527 433.97604283838206
0.5345643593969717 433.97604283838206
0.5321082592667943 434.9155954408553
0.5296634438916579 434.1908956953374
0.5272298614228227 434.1908956953374
0.5248074602497725 434.1908956953374
0.5223961889991198 434.1908956953374
0.5199959965335159 433.9388876229456
0.5176068319505677 434.8042604065041
0.5152286445817564 433.6126997316389
0.5128613839913648 433.6126997316389
0.5105049999754062 434.58940754954875
0.5081594425605604 433.7240347659901
0.5058246620031139 432.74732694808034
0.5035006087879047 432.74732694808034
0.5011872336272722 432.74732694808034
0.4988844874600121 432.9993350204722
0.496592321450336 432.9993350204722
0.49431068698683533 433.75106801910357
0.49203953568145087 434.9426286939688
0.48977881936844614 434.9426286939688
0.4875284901033863 433.9388876229456
0.485288500162121 435.93476915971615
0.4830588020397726 435.21006941419813
0.48083934844972853 435.21006941419813
0.4786300923226383 434.9580613418063
0.4764309868054156 435.93476915971615
0.47424198526024464 435.93476915971615
0.47206304126359044 432.9993350204722
0.4698941086052154 432.74732694808034
0.4677351412871982 433.6126997316389
0.4655860935229589 432.9993350204722
0.46344691973628793 432.74732694808034
0.4613175745603793 432.74732694808034
0.45919801283686856 432.74732694808034
0.4570881896148749 432.74732694808034
0.45498806015004845 432.74732694808034
0.4528975799036207 432.74732694808034
0.45081670454146006 432.74732694808034
0.44874538993313207 432.74732694808034
0.4466835921509631 432.74732694808034
0.4446312674691086 432.74732694808034
0.44258837236262644 432.74732694808034
0.4405548635065532 432.74732694808034
0.4385306977749856 432.74732694808034
0.4365158322401659 432.74732694808034
0.4345102241715714 432.74732694808034
0.43251383103500857 435.19463676636076
0.43052661049171054 435.19463676636076
0.4285485203974394 433.86470780403073
0.42657951880159256 432.74732694808034
0.42461956394631284 432.9993350204722
0.42266861426560287 432.9993350204722
0.4207266283844442 432.74732694808034
0.41879356511791843 432.74732694808034
0.41686938347033553 432.74732694808034
0.4149540426343631 432.9993350204722
0.41304750199016144 434.00307609149553
0.4111497211045223 432.74732694808034
0.4092606597300109 433.75106801910357
0.4073802778041128 432.74732694808034
0.40550853544838394 432.74732694808034
0.40364539296760504 432.74732694808034
0.40179081084893997 433.75106801910357
0.39994474976109756 432.74732694808034
0.3981071705534973 433.6126997316389
0.39627803425543956 434.1908956953374
0.39445730207527846 433.9388876229456
0.3926449353995999 435.05626847889596
0.3908408957924021 432.74732694808034
0.38904514499428067 433.9388876229456
0.3872576449216173 433.9388876229456
0.3854783576657719 432.74732694808034
0.38370724549227886 432.74732694808034
0.3819442708400466 432.74732694808034
0.38018939632056126 432.74732694808034
0.37844258471709336 432.74732694808034
0.37670379898390893 432.9993350204722
0.3749730022454836 432.74732694808034
0.3732501577957206 432.9993350204722
0.3715352290971726 434.58940754954875
0.3698281797802663 434.58940754954875
0.3681289736425315 433.6126997316389
0.36643757464783333 432.74732694808034
0.36475394692560786 433.6126997316389
0.36307805477010135 433.6126997316389
0.36140986263961333 432.9993350204722
0.35974933515574237 432.9993350204722
0.35809643710263606 432.9993350204722
0.3564511334262443 432.9993350204722
0.3548133892335755 432.74732694808034
0.35318316979195696 432.74732694808034
0.35156044052829816 432.74732694808034
0.3499451670283573 432.74732694808034
0.34833731503601184 432.74732694808034
0.34673685045253166 432.74732694808034
0.3451437393358563 432.74732694808034
0.34355794789987465 432.74732694808034
0.34197944251370893 432.74732694808034
0.3404081897010009 432.74732694808034
0.33884415613920255 432.9993350204722
0.3372873086588689 432.9993350204722
0.3357376142429547 432.74732694808034
0.3341950400261143 432.74732694808034
0.33265955329400454 432.74732694808034
0.33113112148259116 433.75106801910357
0.32960971217745777 432.74732694808034
0.328095293113119 432.9993350204722
0.32658783217233583 432.9993350204722
0.3250872973854344 432.9993350204722
0.32359365692962827 432.9993350204722
0.32210687912834346 432.9993350204722
0.32062693245054663 432.74732694808034
0.31915378551007617 432.74732694808034
0.31768740706497706 432.74732694808034
0.3162277660168379 432.74732694808034
0.31477483141013163 432.74732694808034
0.31332857243155854 432.74732694808034
0.3118889584093937 433.6126997316389
0.31045595881283555 433.6126997316389
0.30902954325135906 432.74732694808034
0.3076096814740708 432.74732694808034
0.30619634336906776 433.6126997316389
0.3047894989627983 433.6126997316389
0.30338911841942706 433.6126997316389
0.3019951720402016 433.86470780403073
0.30060763026282306 432.9993350204722
0.2992264636608189 432.9993350204722
0.29785164294291894 432.9993350204722
0.2964831389524342 432.9993350204722
0.29512092266663853 432.74732694808034
0.2937649651961531 432.9993350204722
0.29241523778433354 432.9993350204722
0.2910717118066605 432.74732694808034
0.28973435877013226 432.74732694808034
0.28840315031266056 432.74732694808034
0.28707805820246907 432.74732694808034
0.28575905433749466 433.9388876229456
0.28444611074479154 433.9388876229456
0.2831391995799379 432.74732694808034
0.28183829312644537 432.9993350204722
0.2805433637951713 432.74732694808034
0.27925438412373377 432.74732694808034
0.27797132677592884 432.74732694808034
0.27669416454115114 432.9993350204722
0.2754228703338166 432.74732694808034
0.2741574171927882 432.74732694808034
0.272897778280804 432.74732694808034
0.2716439268839082 432.74732694808034
0.2703958364108843 433.75106801910357
0.26915348039269155 432.9993350204722
0.2679168324819032 433.86470780403073
0.2666858664521479 432.74732694808034
0.2654605561975539 432.74732694808034
0.2642408757321946 432.74732694808034
0.26302679918953814 432.74732694808034
0.2618183008218985 432.74732694808034
0.2606153549998895 433.9388876229456
0.25941793621188136 433.9388876229456
0.25822601906345954 432.74732694808034
0.25703957827688634 432.74732694808034
0.2558585886905645 432.74732694808034
0.25468302525850406 432.74732694808034
0.2535128630497907 432.74732694808034
0.2523480772480574 432.9993350204722
0.25118864315095796 432.74732694808034
0.2500345361696431 433.75106801910357
0.24888573182823903 434.00307609149553
0.2477422057633285 432.9993350204722
0.24660393372343387 432.74732694808034
0.245470891568503 432.74732694808034
0.24434305526939715 432.74732694808034
0.24322040090738145 432.74732694808034
0.24210290467361778 432.74732694808034
0.24099054286865942 432.74732694808034
0.23988329190194901 432.74732694808034
0.2387811282913177 432.74732694808034
0.2376840286624876 432.74732694808034
0.23659196974857588 432.9993350204722
0.23550492838960102 432.9993350204722
0.23442288153199226 432.74732694808034
0.23334580622810033 432.74732694808034
0.23227367963571077 432.74732694808034
0.23120647901755953 432.74732694808034
0.23014418174085088 432.74732694808034
0.22908676527677738 432.9993350204722
0.22803420720004186 432.74732694808034
0.22698648518838224 432.74732694808034
0.22594357702209783 432.74732694808034
0.22490546058357816 433.7240347659901
0.22387211385683403 433.6126997316389
0.22284351492703042 432.74732694808034
0.22181964198002194 432.74732694808034
0.22080047330189004 432.74732694808034
0.21978598727848253 432.74732694808034
0.2187761623949553 432.74732694808034
0.2177709772353159 432.74732694808034
0.21677041048196952 432.74732694808034
0.2157744409152667 432.74732694808034
0.21478304741305343 432.74732694808034
0.21379620895022325 432.74732694808034
0.21281390459827126 432.74732694808034
0.2118361135248502 432.74732694808034
0.21086281499332896 432.74732694808034
0.20989398836235243 432.9993350204722
0.208929613085404 432.9993350204722
0.20796966871036962 432.9993350204722
0.20701413487910425 432.9993350204722
0.20606299132700007 432.74732694808034
0.20511621788255657 432.74732694808034
0.20417379446695294 432.74732694808034
0.2032357010936222 432.74732694808034
0.2023019178678272 432.9993350204722
0.20137242498623886 432.74732694808034
0.20044720273651614 432.74732694808034
0.19952623149688797 432.74732694808034
0.19860949173573716 432.74732694808034
0.1976969640111861 432.74732694808034
0.1967886289706845 432.74732694808034
0.195884467350599 432.74732694808034
0.19498445997580455 432.9993350204722
0.19408858775927784 432.74732694808034
0.1931968317016924 432.74732694808034
0.19230917289101587 432.9993350204722
0.19142559250210858 432.9993350204722
0.19054607179632474 432.74732694808034
0.18967059212111465 432.74732694808034
0.18879913490962935 432.74732694808034
0.18793168168032684 432.74732694808034
0.18706821403658008 432.74732694808034
0.18620871366628677 432.74732694808034
0.18535316234148114 432.74732694808034
0.18450154191794738 432.74732694808034
0.18365383433483462 432.9993350204722
0.1828100216142743 432.74732694808034
0.18197008586099836 432.74732694808034
0.18113400926196024 432.74732694808034
0.1803017740859569 432.74732694808034
0.17947336268325265 432.9993350204722
0.1786487574852051 432.9993350204722
0.1778279410038923 432.74732694808034
0.1770108958317421 432.74732694808034
0.1761976046411629 432.74732694808034
0.17538805018417614 432.74732694808034
0.17458221529205037 432.74732694808034
0.17378008287493754 432.74732694808034
0.17298163592151014 432.74732694808034
0.17218685749860071 432.74732694808034
0.17139573075084252 432.74732694808034
0.17060823890031235 432.74732694808034
0.16982436524617445 432.74732694808034
0.16904409316432642 432.74732694808034
0.16826740610704674 432.9993350204722
0.16749428760264373 432.74732694808034
0.16672472125510626 432.74732694808034
0.16595869074375605 432.74732694808034
0.1651961798229015 432.9993350204722
0.16443717232149319 432.9993350204722
0.16368165214278085 432.9993350204722
0.16292960326397224 432.74732694808034
0.162181009735893 432.9993350204722
0.16143585568264862 432.74732694808034
0.16069412530128774 432.74732694808034
0.15995580286146688 432.74732694808034
0.159220872705117 432.74732694808034
0.15848931924611134 432.74732694808034
0.15776112696993486 432.74732694808034
0.15703628043335524 432.74732694808034
0.15631476426409538 432.74732694808034
0.15559656316050743 432.74732694808034
0.15488166189124813 432.74732694808034
0.15417004529495593 432.74732694808034
0.15346169827992942 432.74732694808034
0.15275660582380726 432.74732694808034
0.15205475297324955 432.74732694808034
0.1513561248436208 432.74732694808034
0.15066070661867417 432.74732694808034
0.14996848355023734 432.74732694808034
0.1492794409578996 432.74732694808034
0.14859356422870068 432.9993350204722
0.14791083881682074 432.74732694808034
0.14723125024327186 432.74732694808034
0.14655478409559114 432.74732694808034
0.14588142602753482 432.74732694808034
0.14521116175877422 432.74732694808034
0.1445439770745927 432.74732694808034
0.14387985782558452 432.74732694808034
0.14321878992735432 432.74732694808034
0.1425607593602188 432.74732694808034
0.1419057521689092 432.74732694808034
0.1412537544622754 432.74732694808034
0.14060475241299136 432.74732694808034
0.13995873225726177 432.74732694808034
0.1393156802945303 432.74732694808034
0.13867558288718881 432.74732694808034
0.13803842646028847 432.74732694808034
0.1374041975012515 432.74732694808034
0.1367728825595849 432.74732694808034
0.13614446824659499 432.74732694808034
0.13551894123510358 432.9993350204722
0.13489628825916533 432.74732694808034
0.13427649611378634 432.74732694808034
0.1336595516546442 432.74732694808034
0.13304544179780914 432.74732694808034
0.1324341535194665 432.74732694808034
0.13182567385564076 432.74732694808034
0.13121998990192035 432.9993350204722
0.13061708881318418 432.74732694808034
0.13001695780332906 432.74732694808034
0.12941958414499863 432.9993350204722
0.12882495516931342 432.74732694808034
0.1282330582656022 432.74732694808034
0.12764388088113443 432.74732694808034
0.12705741052085417 432.74732694808034
0.12647363474711518 432.74732694808034
0.12589254117941676 432.74732694808034
0.12531411749414162 432.74732694808034
0.12473835142429433 432.74732694808034
0.12416523075924113 432.74732694808034
0.12359474334445107 432.74732694808034
0.12302687708123818 432.74732694808034
0.1224616199265049 432.74732694808034
0.12189895989248668 432.74732694808034
0.12133888504649774 432.74732694808034
0.12078138351067803 432.74732694808034
0.12022644346174131 432.74732694808034
0.11967405313072436 432.74732694808034
0.11912420080273751 432.74732694808034
0.11857687481671603 432.74732694808034
0.11803206356517298 432.74732694808034
0.11748975549395296 432.74732694808034
0.11694993910198712 432.74732694808034
0.11641260294104915 432.74732694808034
0.11587773561551262 432.74732694808034
0.11534532578210924 432.9993350204722
0.1148153621496883 432.74732694808034
0.1142878334789772 432.74732694808034
0.1137627285823431 432.74732694808034
0.11324003632355571 432.74732694808034
0.11271974561755105 432.74732694808034
0.11220184543019636 432.74732694808034
0.11168632477805612 432.74732694808034
0.11117317272815913 432.74732694808034
0.11066237839776664 432.74732694808034
0.1101539309541415 432.74732694808034
0.1096478196143185 432.74732694808034
0.10914403364487567 432.74732694808034
0.10864256236170655 432.74732694808034
0.1081433951297938 432.74732694808034
0.10764652136298349 432.74732694808034
0.10715193052376065 432.74732694808034
0.1066596121230258 432.74732694808034
0.10616955571987247 432.74732694808034
0.10568175092136586 432.74732694808034
0.10519618738232231 432.74732694808034
0.10471285480508996 432.74732694808034
0.10423174293933041 432.74732694808034
0.10375284158180127 432.74732694808034
0.10327614057613975 432.9993350204722
0.10280162981264734 432.9993350204722
0.10232929922807542 432.9993350204722
0.1018591388054117 432.74732694808034
0.10139113857366794 432.74732694808034
0.10092528860766845 432.74732694808034
0.10046157902783952 432.9993350204722
0.1 432.74732694808034
