614.0975926424369
700.7224837309556
701.0566287856037
687.1017631422445
701.0493930138113
1653.818327334139
1700.4439865364368
1541.997929659973
1637.800830389284
1605.5180299763501
1705.4285155709808
1504.6251979114277
1545.113455177559
1686.4912497928751
1620.744167667027
1605.3258681753432
1525.1080153000853
1563.0515144083497
833.3778942020106
852.3364093087861
851.7475922023878
897.9434352654462
947.3485483905487
1283.508931137486
1444.1253279711
1432.5080778677457
1449.3734168537048
1450.853663782726
1124.0822788627904
1106.9846174390873
993.0897971985487
1019.6330154165289
970.4253046905662
990.0346671995086
1090.5157148373448
1019.117490465308
1005.6990071897386
1057.8494691072685
1047.051085698999
940.2765387133506
983.4662202816273
1024.2281482264368
1054.2118365402423
